10001100000100010000000000000101
10001100000110000000000000000110
10001100000011010000000000000111
10001100000100000000000000001000
00010011000100010000000000001111
00000011000011011100100000100000
00010011001100010000000000001011
00000011000100000100000000100000
10001101000010010000000000000000
00000011001100000101000000100000
10001101010010110000000000000000
00000001001010110110000000101010
00010001100000000000000000000011
10001101000011110000000000000000
10101101000010110000000000000000
10101101010011110000000000000000
00000011001011011100100000100000
00001000000000000000000000000110
00000011000011011100000000100000
00001000000000000000000000000100