00000000000000000000000000000000
00000000000000000000000000000001
00000000000000000000000000111001
00000000000000000000000000010100
00000000000000000000000000010101
00000000000000000000000000011011
00000000000000000000000000110101
00000000000000000000000000000001
00000000000000000000000001111111
11111111111111111111111111110110
00000000000000000000000010010111
00000000000000000000000010000111
00000000000000000000000010011101
00000000000000000000000010011111
00000000000000000000000001111111
00000000000000000000000011111110
11111111111111111111111101110111
00000000000000000000000000000000
00000000000000000000000000000001
00000000000000000000000000011001
00000000000000000000000000000000
00000000000000000000000000000001
00000000000000000000000000100001
00000000000000000000000010110011
00000000000000000000000000000001
00000000000000000000000010001001
00000000000000000000000000011010
00000000000000000000000000011011
00000000000000000000000000011100
00000000000000000000000000011101
00000000000000000000000000011110
00000000000000000000000000011111
